0 1 100 100 100 200 100
1 0 100 200 100 100 100
0 7 141 100 100 200 200
7 0 141 200 200 100 100
0 6 100 100 100 100 200
6 0 100 200 100 100 100
1 2 90 200 100 300 100
2 1 90 300 100 200 100
1 8 135 200 100 300 200
8 1 135 300 200 200 100
2 3 100 300 100 400 100
3 2 100 400 100 300 100
8 9 100 300 200 400 200
9 8 100 400 200 300 200
3 4 100 400 100 500 100
4 3 100 500 100 400 100
3 10 141 400 100 500 200
10 3 141 500 200 400 100
4 5 90 500 100 600 100
5 4 90 600 100 500 100
5 10 135 600 100 500 200
10 5 135 500 200 600 100
9 16 141 400 200 500 300
16 9 141 500 300 400 200
16 10 100 500 300 500 200
10 16 100 500 200 500 300
10 11 90 500 200 600 200
11 10 90 600 200 500 200
11 17 100 600 200 600 300
17 11 100 600 300 600 200
17 23 80 600 300 600 400
23 17 80 600 400 600 300
23 15 206 600 400 400 300
15 23 206 400 300 600 400
15 22 128 400 300 500 400
22 15 128 500 400 400 300
22 29 127 500 400 600 500
29 22 127 600 500 500 400
7 14 135 200 200 300 300
14 7 135 300 300 200 200
14 9 141 300 300 400 200
9 14 141 400 200 300 300
14 20 80 300 300 300 400
20 14 80 300 400 300 300
20 19 90 300 400 200 400
19 20 90 200 400 300 400
19 18 100 200 400 100 400
18 19 100 100 400 200 400
7 13 100 200 200 200 300
13 7 100 200 300 200 200
13 14 90 200 300 300 300
14 13 90 300 300 200 300
13 20 120 200 300 300 400
20 13 120 300 400 200 300
6 12 100 100 200 100 300
12 6 100 100 300 100 200
12 18 80 100 300 100 400
18 12 80 100 400 100 300
18 24 90 100 400 100 500
24 18 90 100 500 100 400
24 25 110 100 500 200 500
25 24 110 200 500 100 500
25 26 80 200 500 300 500
26 25 80 300 500 200 500
26 21 135 300 500 400 400
21 26 135 400 400 300 500
21 15 80 400 400 400 300
15 21 80 400 300 400 400
21 27 90 400 400 400 500
27 21 90 400 500 400 400
27 26 100 400 500 300 500
26 27 100 300 500 400 500
27 28 100 400 500 500 500
28 27 100 500 500 400 500